0.000000 0.000000 0.000000
0.005000 0.000000 0.012984
0.010000 0.000000 0.025852
0.015000 0.000000 0.038491
0.020000 0.000000 0.050788
0.025000 0.000000 0.062635
0.030000 0.000000 0.073925
0.035000 0.000000 0.084560
0.040000 0.000000 0.094444
0.045000 0.000000 0.103489
0.050000 0.000000 0.111616
0.055000 0.000000 0.118752
0.060000 0.000000 0.124834
0.065000 0.000000 0.129809
0.070000 0.000000 0.133631
0.075000 0.000000 0.136266
0.080000 0.000000 0.137693
0.085000 0.000000 0.137897
0.090000 0.000000 0.136877
0.095000 0.000000 0.134642
0.100000 0.000000 0.131213
0.105000 0.000000 0.126618
0.110000 0.000000 0.120900
0.115000 0.000000 0.114108
0.120000 0.000000 0.106304
0.125000 0.000000 0.097556
0.130000 0.000000 0.087942
0.135000 0.000000 0.077548
0.140000 0.000000 0.066465
0.145000 0.000000 0.054793
0.150000 0.000000 0.042634
0.155000 0.000000 0.030096
0.160000 0.000000 0.017292
0.165000 0.000000 0.004334
0.170000 0.000000 -0.008663
0.175000 0.000000 -0.021582
0.180000 0.000000 -0.034311
0.185000 0.000000 -0.046734
0.190000 0.000000 -0.058743
0.195000 0.000000 -0.070230
0.200000 0.000000 -0.081094
0.205000 0.000000 -0.091238
0.210000 0.000000 -0.100572
0.215000 0.000000 -0.109014
0.220000 0.000000 -0.116488
0.225000 0.000000 -0.122928
0.230000 0.000000 -0.128277
0.235000 0.000000 -0.132487
0.240000 0.000000 -0.135521
0.245000 0.000000 -0.137353
0.250000 0.000000 -0.137965
0.255000 0.000000 -0.137353
0.260000 0.000000 -0.135521
0.265000 0.000000 -0.132487
0.270000 0.000000 -0.128277
0.275000 0.000000 -0.122928
0.280000 0.000000 -0.116488
0.285000 0.000000 -0.109014
0.290000 0.000000 -0.100572
0.295000 0.000000 -0.091238
0.300000 0.000000 -0.081094
0.305000 0.000000 -0.070230
0.310000 0.000000 -0.058743
0.315000 0.000000 -0.046734
0.320000 0.000000 -0.034311
0.325000 0.000000 -0.021582
0.330000 0.000000 -0.008663
0.335000 0.000000 0.004334
0.340000 0.000000 0.017292
0.345000 0.000000 0.030096
0.350000 0.000000 0.042634
0.355000 0.000000 0.054793
0.360000 0.000000 0.066465
0.365000 0.000000 0.077548
0.370000 0.000000 0.087942
0.375000 0.000000 0.097556
0.380000 0.000000 0.106304
0.385000 0.000000 0.114108
0.390000 0.000000 0.120900
0.395000 0.000000 0.126618
0.400000 0.000000 0.131213
0.405000 0.000000 0.134642
0.410000 0.000000 0.136877
0.415000 0.000000 0.137897
0.420000 0.000000 0.137693
0.425000 0.000000 0.136266
0.430000 0.000000 0.133631
0.435000 0.000000 0.129809
0.440000 0.000000 0.124834
0.445000 0.000000 0.118752
0.450000 0.000000 0.111616
0.455000 0.000000 0.103489
0.460000 0.000000 0.094444
0.465000 0.000000 0.084560
0.470000 0.000000 0.073925
0.475000 0.000000 0.062635
0.480000 0.000000 0.050788
0.485000 0.000000 0.038491
0.490000 0.000000 0.025852
0.495000 0.000000 0.012984
0.500000 0.000000 0.000000
