0.000000 0.000000 0.000000
0.005000 0.000000 0.013001
0.010000 0.000000 0.025989
0.015000 0.000000 0.038951
0.020000 0.000000 0.051875
0.025000 0.000000 0.064748
0.030000 0.000000 0.077556
0.035000 0.000000 0.090288
0.040000 0.000000 0.102932
0.045000 0.000000 0.115473
0.050000 0.000000 0.127901
0.055000 0.000000 0.140202
0.060000 0.000000 0.152365
0.065000 0.000000 0.164378
0.070000 0.000000 0.176228
0.075000 0.000000 0.187905
0.080000 0.000000 0.199396
0.085000 0.000000 0.210690
0.090000 0.000000 0.221776
0.095000 0.000000 0.232644
0.100000 0.000000 0.243282
0.105000 0.000000 0.253679
0.110000 0.000000 0.263827
0.115000 0.000000 0.273714
0.120000 0.000000 0.283331
0.125000 0.000000 0.292668
0.130000 0.000000 0.301717
0.135000 0.000000 0.310468
0.140000 0.000000 0.318912
0.145000 0.000000 0.327042
0.150000 0.000000 0.334848
0.155000 0.000000 0.342325
0.160000 0.000000 0.349463
0.165000 0.000000 0.356257
0.170000 0.000000 0.362699
0.175000 0.000000 0.368784
0.180000 0.000000 0.374504
0.185000 0.000000 0.379854
0.190000 0.000000 0.384830
0.195000 0.000000 0.389426
0.200000 0.000000 0.393638
0.205000 0.000000 0.397461
0.210000 0.000000 0.400892
0.215000 0.000000 0.403927
0.220000 0.000000 0.406564
0.225000 0.000000 0.408800
0.230000 0.000000 0.410632
0.235000 0.000000 0.412059
0.240000 0.000000 0.413079
0.245000 0.000000 0.413691
0.250000 0.000000 0.413895
0.255000 0.000000 0.413691
0.260000 0.000000 0.413079
0.265000 0.000000 0.412059
0.270000 0.000000 0.410632
0.275000 0.000000 0.408800
0.280000 0.000000 0.406564
0.285000 0.000000 0.403927
0.290000 0.000000 0.400892
0.295000 0.000000 0.397461
0.300000 0.000000 0.393638
0.305000 0.000000 0.389426
0.310000 0.000000 0.384830
0.315000 0.000000 0.379854
0.320000 0.000000 0.374504
0.325000 0.000000 0.368784
0.330000 0.000000 0.362699
0.335000 0.000000 0.356257
0.340000 0.000000 0.349463
0.345000 0.000000 0.342325
0.350000 0.000000 0.334848
0.355000 0.000000 0.327042
0.360000 0.000000 0.318912
0.365000 0.000000 0.310468
0.370000 0.000000 0.301717
0.375000 0.000000 0.292668
0.380000 0.000000 0.283331
0.385000 0.000000 0.273714
0.390000 0.000000 0.263827
0.395000 0.000000 0.253679
0.400000 0.000000 0.243282
0.405000 0.000000 0.232644
0.410000 0.000000 0.221776
0.415000 0.000000 0.210690
0.420000 0.000000 0.199396
0.425000 0.000000 0.187905
0.430000 0.000000 0.176228
0.435000 0.000000 0.164378
0.440000 0.000000 0.152365
0.445000 0.000000 0.140202
0.450000 0.000000 0.127901
0.455000 0.000000 0.115473
0.460000 0.000000 0.102932
0.465000 0.000000 0.090288
0.470000 0.000000 0.077556
0.475000 0.000000 0.064748
0.480000 0.000000 0.051875
0.485000 0.000000 0.038951
0.490000 0.000000 0.025989
0.495000 0.000000 0.013001
0.500000 0.000000 0.000000
