0.000000 0.000000
0.003591 0.009333
0.007992 0.018312
0.013239 0.026825
0.019342 0.034746
0.026288 0.041941
0.034031 0.048269
0.042494 0.053595
0.051568 0.057796
0.061117 0.060767
0.070977 0.062429
0.080972 0.062738
0.090917 0.061685
0.100628 0.059299
0.109936 0.055644
0.118691 0.050813
0.126771 0.044922
0.134086 0.038103
0.140574 0.030494
0.146209 0.022233
0.150990 0.013450
0.154942 0.004265
0.158111 -0.005220
0.160558 -0.014916
0.162354 -0.024753
0.163580 -0.034678
0.164322 -0.044650
0.164668 -0.054644
0.164709 -0.064644
0.164536 -0.074643
0.164239 -0.084638
0.163909 -0.094633
0.163636 -0.104629
0.163512 -0.114628
0.163628 -0.124628
0.164074 -0.134618
0.164940 -0.144580
0.166313 -0.154485
0.168279 -0.164290
0.170917 -0.173936
0.174294 -0.183348
0.178470 -0.192435
0.183483 -0.201087
0.189352 -0.209184
0.196071 -0.216590
0.203602 -0.223169
0.211877 -0.228783
0.220797 -0.233303
0.230231 -0.236619
0.240023 -0.238645
0.250000 -0.239326
0.259977 -0.238645
0.269769 -0.236619
0.279203 -0.233303
0.288123 -0.228783
0.296398 -0.223169
0.303929 -0.216590
0.310648 -0.209184
0.316517 -0.201087
0.321530 -0.192435
0.325706 -0.183348
0.329083 -0.173936
0.331721 -0.164290
0.333687 -0.154485
0.335060 -0.144580
0.335926 -0.134618
0.336372 -0.124628
0.336488 -0.114628
0.336364 -0.104629
0.336091 -0.094633
0.335761 -0.084638
0.335464 -0.074643
0.335291 -0.064644
0.335332 -0.054644
0.335678 -0.044650
0.336420 -0.034678
0.337646 -0.024753
0.339442 -0.014916
0.341889 -0.005220
0.345058 0.004265
0.349010 0.013450
0.353791 0.022233
0.359426 0.030494
0.365914 0.038103
0.373229 0.044922
0.381309 0.050813
0.390064 0.055644
0.399372 0.059299
0.409083 0.061685
0.419028 0.062738
0.429023 0.062429
0.438883 0.060767
0.448432 0.057796
0.457506 0.053595
0.465969 0.048269
0.473712 0.041941
0.480658 0.034746
0.486761 0.026825
0.492008 0.018312
0.496409 0.009333
0.500000 0.000000
