0.000000 0.000000
0.003589 0.009334
0.006944 0.018754
0.010082 0.028249
0.013023 0.037807
0.015786 0.047418
0.018391 0.057072
0.020857 0.066763
0.023207 0.076484
0.025459 0.086227
0.027637 0.095987
0.029760 0.105759
0.031851 0.115537
0.033931 0.125319
0.036021 0.135098
0.038142 0.144870
0.040317 0.154631
0.042566 0.164375
0.044910 0.174096
0.047371 0.183789
0.049969 0.193445
0.052725 0.203058
0.055658 0.212618
0.058787 0.222116
0.062132 0.231540
0.065710 0.240878
0.069539 0.250116
0.073634 0.259239
0.078011 0.268230
0.082683 0.277071
0.087663 0.285743
0.092960 0.294225
0.098583 0.302494
0.104539 0.310527
0.110831 0.318299
0.117462 0.325785
0.124430 0.332958
0.131731 0.339791
0.139359 0.346257
0.147304 0.352329
0.155554 0.357980
0.164093 0.363185
0.172902 0.367918
0.181960 0.372156
0.191242 0.375876
0.200721 0.379060
0.210369 0.381690
0.220155 0.383750
0.230044 0.385231
0.240004 0.386123
0.250000 0.386420
0.259996 0.386123
0.269956 0.385231
0.279845 0.383750
0.289631 0.381690
0.299279 0.379060
0.308758 0.375876
0.318040 0.372156
0.327098 0.367918
0.335907 0.363185
0.344446 0.357980
0.352696 0.352329
0.360641 0.346257
0.368269 0.339791
0.375570 0.332958
0.382538 0.325785
0.389169 0.318299
0.395461 0.310527
0.401417 0.302494
0.407040 0.294225
0.412337 0.285743
0.417317 0.277071
0.421989 0.268230
0.426366 0.259239
0.430461 0.250116
0.434290 0.240878
0.437868 0.231540
0.441213 0.222116
0.444342 0.212618
0.447275 0.203058
0.450031 0.193445
0.452629 0.183789
0.455090 0.174096
0.457434 0.164375
0.459683 0.154631
0.461858 0.144870
0.463979 0.135098
0.466069 0.125319
0.468149 0.115537
0.470240 0.105759
0.472363 0.095987
0.474541 0.086227
0.476793 0.076484
0.479143 0.066763
0.481609 0.057072
0.484214 0.047418
0.486977 0.037807
0.489918 0.028249
0.493056 0.018754
0.496411 0.009334
0.500000 0.000000
